BLEU: 0.02732193849622653, BERTScore: 0.3161365722771734
BLEU: 0.006254696899597894, BERTScore: 0.20875187275103396
BLEU: 0.02223067911355279, BERTScore: 0.3429999653275849
