BLEU: 0.04583852535946745, BERTScore: 0.4132017655841385
BLEU: 0.036780143917098856, BERTScore: 0.40743350585560417
