BLEU: 3.063764486683067e-05, BERTScore: 0.02149640281115555
BLEU: 0.02711483843232771, BERTScore: 0.3465915054289831
BLEU: 0.022901560878616133, BERTScore: 0.3395813660333968
