BLEU: 0.07026136600927842, BERTScore: 0.37645513127144015
BLEU: 0.09550036999328773, BERTScore: 0.3709635028466841
BLEU: 0.07600265930410952, BERTScore: 0.33255541598838234
