BLEU: 0.039047024894026096, BERTScore: 0.3926769452809822
BLEU: 0.06807122920168839, BERTScore: 0.40600363875273615
BLEU: 0.08949428720542445, BERTScore: 0.4099623649639802
