BLEU: 0.057918182329430315, BERTScore: 0.38992882470807266
BLEU: 0.10109275100694297, BERTScore: 0.4130593594810408
BLEU: 0.12461457213204725, BERTScore: 0.41471385235329056
