BLEU: 0.2044830240748962, BERTScore: 0.4173594091941292
BLEU: 0.26652116138623233, BERTScore: 0.4221666609066435
BLEU: 0.21412204751201389, BERTScore: 0.41972658972048926
