BLEU: 0.026339721050937556, BERTScore: 0.3438617974041133
BLEU: 0.005484085600463221, BERTScore: 0.2418226852443897
BLEU: 0.0, BERTScore: 0.20369278052951106
