BLEU: 0.42545942623240673, BERTScore: 0.4468428996236374
BLEU: 0.784977451297456, BERTScore: 0.4077789532020688
BLEU: 1.1527383027050617, BERTScore: 0.4450555903604254
